0.25153999
0.25461973
0.25769876
0.26077663
0.26385287
0.26692700
0.26999856
0.27306709
0.27613212
0.27919318
0.28224980
0.28530154
0.28834791
0.29138847
0.29442274
0.29745027
0.30047060
0.30348327
0.30648782
0.30948380
0.31247075
0.31544821
0.31841575
0.32137290
0.32431921
0.32725425
0.33017756
0.33308870
0.33598723
0.33887271
0.34174470
0.34460276
0.34744647
0.35027538
0.35308908
0.35588713
0.35866911
0.36143459
0.36418316
0.36691440
0.36962789
0.37232323
0.37500000
0.37765780
0.38029622
0.38291487
0.38551334
0.38809124
0.39064819
0.39318379
0.39569765
0.39818940
0.40065866
0.40310505
0.40552820
0.40792775
0.41030333
0.41265457
0.41498113
0.41728265
0.41955878
0.42180917
0.42403349
0.42623139
0.42840254
0.43054661
0.43266328
0.43475223
0.43681313
0.43884568
0.44084957
0.44282449
0.44477014
0.44668623
0.44857247
0.45042857
0.45225425
0.45404923
0.45581324
0.45754601
0.45924728
0.46091679
0.46255428
0.46415952
0.46573225
0.46727224
0.46877925
0.47025305
0.47169342
0.47310015
0.47447301
0.47581180
0.47711632
0.47838636
0.47962175
0.48082228
0.48198777
0.48311806
0.48421296
0.48527231
0.48629596
0.48728374
0.48823550
0.48915110
0.49003041
0.49087329
0.49167960
0.49244923
0.49318207
0.49387799
0.49453690
0.49515869
0.49574327
0.49629056
0.49680046
0.49727290
0.49770781
0.49810513
0.49846478
0.49878673
0.49907091
0.49931729
0.49952583
0.49969650
0.49982926
0.49992411
0.49998103
0.50000000
0.00000091
0.00000094
0.00000097
0.00000101
0.00000105
0.00000108
0.00000112
0.00000117
0.00000121
0.00000125
0.00000130
0.00000135
0.00000140
0.00000145
0.00000150
0.00000155
0.00000161
0.00000167
0.00000173
0.00000180
0.00000186
0.00000193
0.00000200
0.00000207
0.00000215
0.00000223
0.00000231
0.00000239
0.00000248
0.00000257
0.00000267
0.00000277
0.00000287
0.00000297
0.00000308
0.00000319
0.00000331
0.00000343
0.00000356
0.00000369
0.00000382
0.00000396
0.00000411
0.00000426
0.00000442
0.00000458
0.00000475
0.00000492
0.00000510
0.00000529
0.00000548
0.00000568
0.00000589
0.00000611
0.00000633
0.00000656
0.00000680
0.00000705
0.00000731
0.00000758
0.00000786
0.00000814
0.00000844
0.00000875
0.00000907
0.00000941
0.00000975
0.00001011
0.00001048
0.00001086
0.00001126
0.00001167
0.00001210
0.00001254
0.00001300
0.00001348
0.00001398
0.00001449
0.00001502
0.00001557
0.00001614
0.00001673
0.00001734
0.00001798
0.00001864
0.00001932
0.00002003
0.00002077
0.00002153
0.00002232
0.00002313
0.00002398
0.00002486
0.00002577
0.00002672
0.00002770
0.00002871
0.00002976
0.00003086
0.00003199
0.00003316
0.00003437
0.00003563
0.00003694
0.00003829
0.00003970
0.00004115
0.00004266
0.00004423
0.00004585
0.00004753
0.00004927
0.00005108
0.00005295
0.00005489
0.00005690
0.00005899
0.00006115
0.00006339
0.00006571
0.00006812
0.00007062
0.00007321
0.00007589
0.00007867
0.00008156
0.00008455
0.00008765
0.00009086
0.00009419
0.00009764
0.00010122
0.00010493
0.00010878
0.00011277
0.00011690
0.00012118
0.00012563
0.00013023
0.00013501
0.00013995
0.00014508
0.00015040
0.00015592
0.00016163
0.00016756
0.00017370
0.00018006
0.00018666
0.00019351
0.00020060
0.00020795
0.00021558
0.00022348
0.00023167
0.00024016
0.00024897
0.00025809
0.00026755
0.00027736
0.00028753
0.00029807
0.00030899
0.00032032
0.00033206
0.00034423
0.00035685
0.00036993
0.00038349
0.00039755
0.00041212
0.00042723
0.00044289
0.00045912
0.00047595
0.00049340
0.00051148
0.00053023
0.00054967
0.00056982
0.00059070
0.00061236
0.00063480
0.00065807
0.00068219
0.00070720
0.00073312
0.00076000
0.00078785
0.00081673
0.00084667
0.00087771
0.00090988
0.00094323
0.00097781
0.00101365
0.00105081
0.00108933
0.00112926
0.00117065
0.00121356
0.00125804
0.00130416
0.00135196
0.00140152
0.00145290
0.00150615
0.00156136
0.00161859
0.00167793
0.00173943
0.00180319
0.00186929
0.00193781
0.00200884
0.00208248
0.00215881
0.00223795
0.00231998
0.00240502
0.00249318
0.00258457
0.00267931
0.00277752
0.00287933
0.00298488
0.00309429
0.00320771
0.00332530
0.00344719
0.00357355
0.00370454
0.00384033
0.00398110
0.00412703
0.00427831
0.00443514
0.00459771
0.00476624
0.00494095
0.00512207
0.00530982
0.00550446
0.00570623
0.00591540
0.00613223
0.00635701
0.00659003
0.00683160
0.00708201
0.00734161
0.00761072
0.00788970
0.00817891
0.00847871
0.00878951
0.00004403
0.00004325
0.00004247
0.00004172
0.00004097
0.00004024
0.00003952
0.00003882
0.00003813
0.00003745
0.00003678
0.00003612
0.00003548
0.00003484
0.00003422
0.00003361
0.00003301
0.00003242
0.00003185
0.00003128
0.00003072
0.00003017
0.00002963
0.00002910
0.00002859
0.00002808
0.00002757
0.00002708
0.00002660
0.00002612
0.00002566
0.00002520
0.00002475
0.00002431
0.00002388
0.00002345
0.00002303
0.00002262
0.00002222
0.00002182
0.00002143
0.00002105
0.00002067
0.00002031
0.00001994
0.00001959
0.00001924
0.00001889
0.00001856
0.00001823
0.00001790
0.00001758
0.00001727
0.00001696
0.00001666
0.00001636
0.00001607
0.00001578
0.00001550
0.00001522
0.00001495
0.00001469
0.00001442
0.00001417
0.00001391
0.00001367
0.00001342
0.00001318
0.00001295
0.00001272
0.00001249
0.00001227
0.00001205
0.00001183
0.00001162
0.00001141
0.00001121
0.00001101
0.00001081
0.00001062
0.00001043
0.00001025
0.00001006
0.00000988
0.00000971
0.00000953
0.00000936
0.00000920
0.00000903
0.00000887
0.00000871
0.00000856
0.00000841
0.00000826
0.00000811
0.00000796
0.00000782
0.00000768
0.00000755
0.00000741
0.00000728
0.00000715
0.00000702
0.00000690
0.00000677
0.00000665
0.00000653
0.00000642
0.00000630
0.00000619
0.00000608
0.00000597
0.00000586
0.00000576
0.00000566
0.00000556
0.00000546
0.00000536
0.00000526
0.00000517
0.00000508
0.00000499
0.00000490
0.00000481
0.00000473
0.00000464
0.00000456
0.00000448
0.00000440
0.00000432
0.00000424
0.00000417
0.00000409
0.00000402
0.00000395
0.00000388
0.00000381
0.00000374
0.00000367
0.00000361
0.00000354
0.00000348
0.00000342
0.00000336
0.00000330
0.00000324
0.00000318
0.00000312
0.00000307
0.00000301
0.00000296
0.00000291
0.00000285
0.00000280
0.00000275
0.00000270
0.00000266
0.00000261
0.00000256
0.00000252
0.00000247
0.00000243
0.00000238
0.00000234
0.00000230
0.00000226
0.00000222
0.00000218
0.00000214
0.00000210
0.00000206
0.00000203
0.00000199
0.00000196
0.00000192
0.00000189
0.00000185
0.00000182
0.00000179
0.00000176
0.00000172
0.00000169
0.00000166
0.00000163
0.00000160
0.00000158
0.00000155
0.00000152
0.00000149
0.00000147
0.00000144
0.00000141
0.00000139
0.00000136
0.00000134
0.00000132
0.00000129
0.00000127
0.00000125
0.00000123
0.00000120
0.00000118
0.00000116
0.00000114
0.00000112
0.00000110
0.00000108
0.00000106
0.00000104
0.00000102
0.00000100
0.00000099
0.00000097
0.00000095
0.00000094
0.00000092
0.00000090
0.00000089
0.00000087
0.00000085
0.00000084
0.00000082
0.00000081
0.00000080
0.00000078
0.00000077
0.00000075
0.00000074
0.00000073
0.00000071
0.00000070
0.00000069
0.00000068
0.00000066
0.00000065
0.00000064
0.00000063
0.00000062
0.00000061
0.00000060
0.00000059
0.00000058
0.00000056
0.00000055
0.00000054
0.00000054
0.00000053
0.00000052
0.00000051
0.00000050
0.00000049
0.00000048
0.00000047
0.00000046
0.00000045
0.00000045
0.00030803
0.00030803
0.00015402
0.00010268
0.00007701
0.00006161
0.00005134
0.00004400
0.00003850
0.00003423
0.00003080
0.00002800
0.00002567
0.00002369
0.00002200
0.00002054
0.00001925
0.00001812
0.00001711
0.00001621
0.00001540
0.00001467
0.00001400
0.00001339
0.00001283
0.00001232
0.00001185
0.00001141
0.00001100
0.00001062
0.00001027
0.00000994
0.00000963
0.00000933
0.00000906
0.00000880
0.00000856
0.00000833
0.00000811
0.00000790
0.00000770
0.00000751
0.00000733
0.00000716
0.00000700
0.00000685
0.00000670
0.00000655
0.00000642
0.00000629
0.00000616
0.00000604
0.00000592
0.00000581
0.00000570
0.00000560
0.00000550
0.00000540
0.00000531
0.00000522
0.00000513
0.00000505
0.00000497
0.00000489
0.00000481
0.00000474
0.00000467
0.00000460
0.00000453
0.00000446
0.00000440
0.00000434
0.00000428
0.00000422
0.00000416
0.00000411
0.00000405
0.00000400
0.00000395
0.00000390
0.00000385
0.00000380
0.00000376
0.00000371
0.00000367
0.00000362
0.00000358
0.00000354
0.00000350
0.00000346
0.00000342
0.00000338
0.00000335
0.00000331
0.00000328
0.00000324
0.00000321
0.00000318
0.00000314
0.00000311
0.00000308
0.00000305
0.00000302
0.00000299
0.00000296
0.00000293
0.00000291
0.00000288
0.00000285
0.00000283
0.00000280
0.00000277
0.00000275
0.00000273
0.00000270
0.00000268
0.00000266
0.00000263
0.00000261
0.00000259
0.00000257
0.00000255
0.00000252
0.00000250
0.00000248
0.00000246
0.00000244
0.00000243
0.00000241
0.00000239
0.00000237
0.00000235
0.00000233
0.00000232
0.00000230
0.00000228
0.00000226
0.00000225
0.00000223
0.00000222
0.00000220
0.00000218
0.00000217
0.00000215
0.00000214
0.00000212
0.00000211
0.00000210
0.00000208
0.00000207
0.00000205
0.00000204
0.00000203
0.00000201
0.00000200
0.00000199
0.00000197
0.00000196
0.00000195
0.00000194
0.00000193
0.00000191
0.00000190
0.00000189
0.00000188
0.00000187
0.00000186
0.00000184
0.00000183
0.00000182
0.00000181
0.00000180
0.00000179
0.00000178
0.00000177
0.00000176
0.00000175
0.00000174
0.00000173
0.00000172
0.00000171
0.00000170
0.00000169
0.00000168
0.00000167
0.00000166
0.00000166
0.00000165
0.00000164
0.00000163
0.00000162
0.00000161
0.00000160
0.00000160
0.00000159
0.00000158
0.00000157
0.00000156
0.00000156
0.00000155
0.00000154
0.00000153
0.00000152
0.00000152
0.00000151
0.00000150
0.00000150
0.00000149
0.00000148
0.00000147
0.00000147
0.00000146
0.00000145
0.00000145
0.00000144
0.00000143
0.00000143
0.00000142
0.00000141
0.00000141
0.00000140
0.00000139
0.00000139
0.00000138
0.00000138
0.00000137
0.00000136
0.00000136
0.00000135
0.00000134
0.00000134
0.00000133
0.00000133
0.00000132
0.00000132
0.00000131
0.00000130
0.00000130
0.00000129
0.00000129
0.00000128
0.00000128
0.00000127
0.00000127
0.00000126
0.00000126
0.00000125
0.00000125
0.00000124
0.00000124
0.00000123
0.00000123
0.00000122
0.00000122
0.00000121
0.00000121
0.00000000
0.00000006
0.00000012
0.00000018
0.00000024
0.00000030
0.00000036
0.00000042
0.00000048
0.00000054
0.00000060
0.00000066
0.00000072
0.00000077
0.00000083
0.00000089
0.00000095
0.00000101
0.00000107
0.00000113
0.00000119
0.00000125
0.00000131
0.00000137
0.00000143
0.00000149
0.00000155
0.00000161
0.00000167
0.00000173
0.00000179
0.00000185
0.00000191
0.00000197
0.00000203
0.00000209
0.00000215
0.00000221
0.00000226
0.00000232
0.00000238
0.00000244
0.00000250
0.00000256
0.00000262
0.00000268
0.00000274
0.00000280
0.00000286
0.00000292
0.00000298
0.00000304
0.00000310
0.00000316
0.00000322
0.00000328
0.00000334
0.00000340
0.00000346
0.00000352
0.00000358
0.00000364
0.00000370
0.00000376
0.00000381
0.00000387
0.00000393
0.00000399
0.00000405
0.00000411
0.00000417
0.00000423
0.00000429
0.00000435
0.00000441
0.00000447
0.00000453
0.00000459
0.00000465
0.00000471
0.00000477
0.00000483
0.00000489
0.00000495
0.00000501
0.00000507
0.00000513
0.00000519
0.00000525
0.00000530
0.00000536
0.00000542
0.00000548
0.00000554
0.00000560
0.00000566
0.00000572
0.00000578
0.00000584
0.00000590
0.00000596
0.00000602
0.00000608
0.00000614
0.00000620
0.00000626
0.00000632
0.00000638
0.00000644
0.00000650
0.00000656
0.00000662
0.00000668
0.00000674
0.00000679
0.00000685
0.00000691
0.00000697
0.00000703
0.00000709
0.00000715
0.00000721
0.00000727
0.00000733
0.00000739
0.00000745
0.00000751
0.00000757