0.00024426
0.00024438
0.00024450
0.00024462
0.00024474
0.00024486
0.00024498
0.00024510
0.00024522
0.00024534
0.00024546
0.00024558
0.00024570
0.00024582
0.00024594
0.00024606
0.00024618
0.00024631
0.00024643
0.00024655
0.00024667
0.00024679
0.00024691
0.00024704
0.00024716
0.00024728
0.00024740
0.00024752
0.00024765
0.00024777
0.00024789
0.00024802
0.00024814
0.00024826
0.00024839
0.00024851
0.00024863
0.00024876
0.00024888
0.00024900
0.00024913
0.00024925
0.00024938
0.00024950
0.00024963
0.00024975
0.00024987
0.00025000
0.00025012
0.00025025
0.00025038
0.00025050
0.00025063
0.00025075
0.00025088
0.00025100
0.00025113
0.00025126
0.00025138
0.00025151
0.00025164
0.00025176
0.00025189
0.00025202
0.00025214
0.00025227
0.00025240
0.00025252
0.00025265
0.00025278
0.00025291
0.00025304
0.00025316
0.00025329
0.00025342
0.00025355
0.00025368
0.00025381
0.00025394
0.00025406
0.00025419
0.00025432
0.00025445
0.00025458
0.00025471
0.00025484
0.00025497
0.00025510
0.00025523
0.00025536
0.00025549
0.00025562
0.00025575
0.00025589
0.00025602
0.00025615
0.00025628
0.00025641
0.00025654
0.00025667
0.00025681
0.00025694
0.00025707
0.00025720
0.00025733
0.00025747
0.00025760
0.00025773
0.00025786
0.00025800
0.00025813
0.00025826
0.00025840
0.00025853
0.00025867
0.00025880
0.00025893
0.00025907
0.00025920
0.00025934
0.00025947
0.00025961
0.00025974
0.00025987
0.00026001
0.00026015
0.00026028
0.00026042
0.00026055
0.00026069
0.00026082
0.00026096
0.00026110
0.00026123
0.00026137
0.00026151
0.00026164
0.00026178
0.00026192
0.00026205
0.00026219
0.00026233
0.00026247
0.00026261
0.00026274
0.00026288
0.00026302
0.00026316
0.00026330
0.00026343
0.00026357
0.00026371
0.00026385
0.00026399
0.00026413
0.00026427
0.00026441
0.00026455
0.00026469
0.00026483
0.00026497
0.00026511
0.00026525
0.00026539
0.00026553
0.00026567
0.00026582
0.00026596
0.00026610
0.00026624
0.00026638
0.00026652
0.00026667
0.00026681
0.00026695
0.00026709
0.00026724
0.00026738
0.00026752
0.00026767
0.00026781
0.00026795
0.00026810
0.00026824
0.00026838
0.00026853
0.00026867
0.00026882
0.00026896
0.00026911
0.00026925
0.00026940
0.00026954
0.00026969
0.00026983
0.00026998
0.00027012
0.00027027
0.00027042
0.00027056
0.00027071
0.00027086
0.00027100
0.00027115
0.00027130
0.00027144
0.00027159
0.00027174
0.00027189
0.00027203
0.00027218
0.00027233
0.00027248
0.00027263
0.00027278
0.00027293
0.00027307
0.00027322
0.00027337
0.00027352
0.00027367
0.00027382
0.00027397
0.00027412
0.00027427
0.00027442
0.00027457
0.00027473
0.00027488
0.00027503
0.00027518
0.00027533
0.00027548
0.00027563
0.00027579
0.00027594
0.00027609
0.00027624
0.00027640
0.00027655
0.00027670
0.00027685
0.00027701
0.00027716
0.00027732
0.00027747
0.00027762
0.00027778
0.00027793
0.00027809
0.00027824
0.00027840
0.00027855
0.00027871
0.00027886
0.00027902
0.00027917
0.00027933
0.00027949
0.00027964
0.00027980
0.00027996
0.00028011
0.00028027
0.00028043
0.00028058
0.00028074
0.00028090
0.00028106
0.00028121
0.00028137
0.00028153
0.00028169
0.00028185
0.00028201
0.00028217
0.00028233
0.00028249
0.00028265
0.00028281
0.00028297
0.00028313
0.00028329
0.00028345
0.00028361
0.00028377
0.00028393
0.00028409
0.00028425
0.00028441
0.00028458
0.00028474
0.00028490
0.00028506
0.00028522
0.00028539
0.00028555
0.00028571
0.00028588
0.00028604
0.00028620
0.00028637
0.00028653
0.00028670
0.00028686
0.00028703
0.00028719
0.00028736
0.00028752
0.00028769
0.00028785
0.00028802
0.00028818
0.00028835
0.00028852
0.00028868
0.00028885
0.00028902
0.00028918
0.00028935
0.00028952
0.00028969
0.00028986
0.00029002
0.00029019
0.00029036
0.00029053
0.00029070
0.00029087
0.00029104
0.00029121
0.00029137
0.00029154
0.00029171
0.00029189
0.00029206
0.00029223
0.00029240
0.00029257
0.00029274
0.00029291
0.00029308
0.00029325
0.00029343
0.00029360
0.00029377
0.00029394
0.00029412
0.00029429
0.00029446
0.00029464
0.00029481
0.00029499
0.00029516
0.00029533
0.00029551
0.00029568
0.00029586
0.00029603
0.00029621
0.00029638
0.00029656
0.00029674
0.00029691
0.00029709
0.00029727
0.00029744
0.00029762
0.00029780
0.00029797
0.00029815
0.00029833
0.00029851
0.00029869
0.00029886
0.00029904
0.00029922
0.00029940
0.00029958
0.00029976
0.00029994
0.00030012
0.00030030
0.00030048
0.00030066
0.00030084
0.00030102
0.00030120
0.00030139
0.00030157
0.00030175
0.00030193
0.00030211
0.00030230
0.00030248
0.00030266
0.00030285
0.00030303
0.00030321
0.00030340
0.00030358
0.00030377
0.00030395
0.00030414
0.00030432
0.00030451
0.00030469
0.00030488
0.00030506
0.00030525
0.00030544
0.00030562
0.00030581
0.00030600
0.00030618
0.00030637
0.00030656
0.00030675
0.00030694
0.00030713
0.00030731
0.00030750
0.00030769
0.00030788
0.00030807
0.00030826
0.00030845
0.00030864
0.00030883
0.00030902
0.00030921
0.00030941
0.00030960
0.00030979
0.00030998
0.00031017
0.00031037
0.00031056
0.00031075
0.00031094
0.00031114
0.00031133
0.00031153
0.00031172
0.00031191
0.00031211
0.00031230
0.00031250
0.00031270
0.00031289
0.00031309
0.00031328
0.00031348
0.00031368
0.00031387
0.00031407
0.00031427
0.00031447
0.00031466
0.00031486
0.00031506
0.00031526
0.00031546
0.00031566
0.00031586
0.00031606
0.00031626
0.00031646
0.00031666
0.00031686
0.00031706
0.00031726
0.00031746
0.00031766
0.00031786
0.00031807
0.00031827
0.00031847
0.00031867
0.00031888
0.00031908
0.00031928
0.00031949
0.00031969
0.00031990
0.00032010
0.00032031
0.00032051
0.00032072
0.00032092
0.00032113
0.00032134
0.00032154
0.00032175
0.00032196
0.00032216
0.00032237
0.00032258
0.00032279
0.00032300
0.00032321
0.00032341
0.00032362
0.00032383
0.00032404
0.00032425
0.00032446
0.00032467
0.00032489
0.00032510
0.00032531
0.00032552
0.00032573
0.00032595
0.00032616
0.00032637
0.00032658
0.00032680
0.00032701
0.00032722
0.00032744
0.00032765
0.00032787
0.00032808
0.00032830
0.00032851
0.00032873
0.00032895
0.00032916
0.00032938
0.00032960
0.00032981
0.00033003
0.00033025
0.00033047
0.00033069
0.00033091
0.00033113
0.00033135
0.00033156
0.00033178
0.00033200
0.00033223
0.00033245
0.00033267
0.00033289
0.00033311
0.00033333
0.00033356
0.00033378
0.00033400
0.00033422
0.00033445
0.00033467
0.00033490
0.00033512
0.00033535
0.00033557
0.00033580
0.00033602
0.00033625
0.00033647
0.00033670
0.00033693
0.00033715
0.00033738
0.00033761
0.00033784
0.00033807
0.00033829
0.00033852
0.00033875
0.00033898
0.00033921
0.00033944
0.00033967
0.00033990
0.00034014
0.00034037
0.00034060
0.00034083
0.00034106
0.00034130
0.00034153
0.00034176
0.00034200
0.00034223
0.00034247
0.00034270
0.00034294
0.00034317
0.00034341
0.00034364
0.00034388
0.00034412
0.00034435
0.00034459
0.00034483
0.00034507
0.00034530
0.00034554
0.00034578
0.00034602
0.00034626
0.00034650
0.00034674
0.00034698
0.00034722
0.00034746
0.00034771
0.00034795
0.00034819
0.00034843
0.00034867
0.00034892
0.00034916
0.00034941
0.00034965
0.00034989
0.00035014
0.00035038
0.00035063
0.00035088
0.00035112
0.00035137
0.00035162
0.00035186
0.00035211
0.00035236
0.00035261
0.00035286
0.00035311
0.00035336
0.00035361
0.00035386
0.00035411
0.00035436
0.00035461
0.00035486
0.00035511
0.00035537
0.00035562
0.00035587
0.00035613
0.00035638
0.00035663
0.00035689
0.00035714
0.00035740
0.00035765
0.00035791
0.00035817
0.00035842
0.00035868
0.00035894
0.00035920
0.00035945
0.00035971
0.00035997
0.00036023
0.00036049
0.00036075
0.00036101
0.00036127
0.00036153
0.00036179
0.00036206
0.00036232
0.00036258
0.00036284
0.00036311
0.00036337
0.00036364
0.00036390
0.00036417
0.00036443
0.00036470
0.00036496
0.00036523
0.00036550
0.00036576
0.00036603
0.00036630
0.00036657
0.00036684
0.00036711
0.00036738
0.00036765
0.00036792
0.00036819
0.00036846
0.00036873
0.00036900
0.00036928
0.00036955
0.00036982
0.00037010
0.00037037
0.00037064
0.00037092
0.00037119
0.00037147
0.00037175
0.00037202
0.00037230
0.00037258
0.00037286
0.00037313
0.00037341
0.00037369
0.00037397
0.00037425
0.00037453
0.00037481
0.00037509
0.00037538
0.00037566
0.00037594
0.00037622
0.00037651
0.00037679
0.00037707
0.00037736
0.00037764
0.00037793
0.00037821
0.00037850
0.00037879
0.00037907
0.00037936
0.00037965
0.00037994
0.00038023
0.00038052
0.00038081
0.00038110
0.00038139
0.00038168
0.00038197
0.00038226
0.00038256
0.00038285
0.00038314
0.00038344
0.00038373
0.00038402
0.00038432
0.00038462
0.00038491
0.00038521
0.00038550
0.00038580
0.00038610
0.00038640
0.00038670
0.00038700
0.00038730
0.00038760
0.00038790
0.00038820
0.00038850
0.00038880
0.00038910
0.00038941
0.00038971
0.00039002
0.00039032
0.00039062
0.00039093
0.00039124
0.00039154
0.00039185
0.00039216
0.00039246
0.00039277
0.00039308
0.00039339
0.00039370
0.00039401
0.00039432
0.00039463
0.00039494
0.00039526
0.00039557
0.00039588
0.00039620
0.00039651
0.00039683
0.00039714
0.00039746
0.00039777
0.00039809
0.00039841
0.00039872
0.00039904
0.00039936
0.00039968
0.00040000
0.00040032
0.00040064
0.00040096
0.00040128
0.00040161
0.00040193
0.00040225
0.00040258
0.00040290
0.00040323
0.00040355
0.00040388
0.00040420
0.00040453
0.00040486
0.00040519
0.00040551
0.00040584
0.00040617
0.00040650
0.00040683
0.00040717
0.00040750
0.00040783
0.00040816
0.00040850
0.00040883
0.00040916
0.00040950
0.00040984
0.00041017
0.00041051
0.00041085
0.00041118
0.00041152
0.00041186
0.00041220
0.00041254
0.00041288
0.00041322
0.00041356
0.00041391
0.00041425
0.00041459
0.00041494
0.00041528
0.00041563
0.00041597
0.00041632
0.00041667
0.00041701
0.00041736
0.00041771
0.00041806
0.00041841
0.00041876
0.00041911
0.00041946
0.00041982
0.00042017
0.00042052
0.00042088
0.00042123
0.00042159
0.00042194
0.00042230
0.00042265
0.00042301
0.00042337
0.00042373
0.00042409
0.00042445
0.00042481
0.00042517
0.00042553
0.00042589
0.00042626
0.00042662
0.00042699
0.00042735
0.00042772
0.00042808
0.00042845
0.00042882
0.00042918
0.00042955
0.00042992
0.00043029
0.00043066
0.00043103
0.00043141
0.00043178
0.00043215
0.00043253
0.00043290
0.00043328
0.00043365
0.00043403
0.00043440
0.00043478
0.00043516
0.00043554
0.00043592
0.00043630
0.00043668
0.00043706
0.00043745
0.00043783
0.00043821
0.00043860
0.00043898
0.00043937
0.00043975
0.00044014
0.00044053
0.00044092
0.00044131
0.00044170
0.00044209
0.00044248
0.00044287
0.00044326
0.00044366
0.00044405
0.00044444
0.00044484
0.00044524
0.00044563
0.00044603
0.00044643
0.00044683
0.00044723
0.00044763
0.00044803
0.00044843
0.00044883
0.00044924
0.00044964
0.00045004
0.00045045
0.00045086
0.00045126
0.00045167
0.00045208
0.00045249
0.00045290
0.00045331
0.00045372
0.00045413
0.00045455
0.00045496
0.00045537
0.00045579
0.00045620
0.00045662
0.00045704
0.00045746
0.00045788
0.00045829
0.00045872
0.00045914
0.00045956
0.00045998
0.00046040
0.00046083
0.00046125
0.00046168
0.00046211
0.00046253
0.00046296
0.00046339
0.00046382
0.00046425
0.00046468
0.00046512
0.00046555
0.00046598
0.00046642
0.00046685
0.00046729
0.00046773
0.00046816
0.00046860
0.00046904
0.00046948
0.00046992
0.00047037
0.00047081
0.00047125
0.00047170
0.00047214
0.00047259
0.00047304
0.00047348
0.00047393
0.00047438
0.00047483
0.00047529
0.00047574
0.00047619
0.00047664
0.00047710
0.00047755
0.00047801
0.00047847
0.00047893
0.00047939
0.00047985
0.00048031
0.00048077
0.00048123
0.00048170
0.00048216
0.00048263
0.00048309
0.00048356
0.00048403
0.00048450
0.00048497
0.00048544
0.00048591
0.00048638
0.00048685
0.00048733
0.00048780
0.00048828