0.00065156
0.00064508
0.00063866
0.00063230
0.00062601
0.00061978
0.00061362
0.00060751
0.00060147
0.00059548
0.00058956
0.00058369
0.00057788
0.00057213
0.00056644
0.00056080
0.00055522
0.00054970
0.00054423
0.00053881
0.00053345
0.00052815
0.00052289
0.00051769
0.00051254
0.00050744
0.00050239
0.00049739
0.00049244
0.00048754
0.00048269
0.00047789
0.00047313
0.00046842
0.00046376
0.00045915
0.00045458
0.00045006
0.00044558
0.00044114
0.00043675
0.00043241
0.00042811
0.00042385
0.00041963
0.00041545
0.00041132
0.00040723
0.00040318
0.00039916
0.00039519
0.00039126
0.00038737
0.00038351
0.00037970
0.00037592
0.00037218
0.00036847
0.00036481
0.00036118
0.00035758
0.00035403
0.00035050
0.00034702
0.00034356
0.00034014
0.00033676
0.00033341
0.00033009
0.00032681
0.00032356
0.00032034
0.00031715
0.00031399
0.00031087
0.00030778
0.00030471
0.00030168
0.00029868
0.00029571
0.00029276
0.00028985
0.00028697
0.00028411
0.00028129
0.00027849
0.00027572
0.00027297
0.00027026
0.00026757
0.00026490
0.00026227
0.00025966
0.00025708
0.00025452
0.00025199
0.00024948
0.00024700
0.00024454
0.00024210
0.00023970
0.00023731
0.00023495
0.00023261
0.00023030
0.00022801
0.00022574
0.00022349
0.00022127
0.00021907
0.00021689
0.00021473
0.00021259
0.00021048
0.00020838
0.00020631
0.00020426
0.00020222
0.00020021
0.00019822
0.00019625
0.00019429
0.00019236
0.00019045
0.00018855
0.00018668
0.00018482
0.00018298
0.00018116
0.00017936
0.00017757
0.00017580
0.00017405
0.00017232
0.00017061
0.00016891
0.00016723
0.00016557
0.00016392
0.00016229
0.00016067
0.00015907
0.00015749
0.00015592
0.00015437
0.00015284
0.00015132
0.00014981
0.00014832
0.00014684
0.00014538
0.00014394
0.00014250
0.00014109
0.00013968
0.00013829
0.00013692
0.00013555
0.00013421
0.00013287
0.00013155
0.00013024
0.00012894
0.00012766
0.00012639
0.00012513
0.00012389
0.00012265
0.00012143
0.00012023
0.00011903
0.00011784
0.00011667
0.00011551
0.00011436
0.00011322
0.00011210
0.00011098
0.00010988
0.00010878
0.00010770
0.00010663
0.00010557
0.00010452
0.00010348
0.00010245
0.00010143
0.00010042
0.00009942
0.00009843
0.00009745
0.00009648
0.00009552
0.00009457
0.00009363
0.00009270
0.00009178
0.00009086
0.00008996
0.00008907
0.00008818
0.00008730
0.00008643
0.00008557
0.00008472
0.00008388
0.00008304
0.00008222
0.00008140
0.00008059
0.00007979
0.00007899
0.00007821
0.00007743
0.00007666
0.00007590
0.00007514
0.00007439
0.00007365
0.00007292
0.00007220
0.00007148
0.00007077
0.00007006
0.00006936
0.00006867
0.00006799
0.00006731
0.00006664
0.00006598
0.00006532
0.00006467
0.00006403
0.00006339
0.00006276
0.00006214
0.00006152
0.00006091
0.00006030
0.00005970
0.00005911
0.00005852
0.00005794
0.00005736
0.00005679
0.00005623
0.00005567
0.00005511
0.00005456
0.00005402
0.00005348
0.00005295
0.00005242
0.00005190
0.00005139
0.00005087
0.00005037
0.00004987
0.00004937
0.00004888
0.00004839
0.00004791
0.00004744
0.00004696
0.00004650
0.00004603
0.00004558
0.00004512
0.00004467
0.00004423
0.00004379
0.00004335
0.00004292
0.00004249
0.00004207
0.00004165
0.00004124
0.00004083
0.00004042
0.00004002
0.00003962
0.00003923
0.00003884
0.00003845
0.00003807
0.00003769
0.00003731
0.00003694
0.00003658
0.00003621
0.00003585
0.00003549
0.00003514
0.00003479
0.00003445
0.00003410
0.00003376
0.00003343
0.00003309
0.00003277
0.00003244
0.00003212
0.00003180
0.00003148
0.00003117
0.00003086
0.00003055
0.00003025
0.00002995
0.00002965
0.00002935
0.00002906
0.00002877
0.00002848
0.00002820
0.00002792
0.00002764
0.00002737
0.00002710
0.00002683
0.00002656
0.00002629
0.00002603
0.00002577
0.00002552
0.00002526
0.00002501
0.00002476
0.00002452
0.00002427
0.34709833
0.33781827
0.32878633
0.31999587
0.31144043
0.30311374
0.29500966
0.28712225
0.27944573
0.27197444
0.26470291
0.25762579
0.25073788
0.24403413
0.23750961
0.23115953
0.22497923
0.21896417
0.21310992
0.20741220
0.20186681
0.19646968
0.19121685
0.18610445
0.18112875
0.17628607
0.17157287
0.16698569
0.16252114
0.15817596
0.15394696
0.14983102
0.14582512
0.14192633
0.13813177
0.13443867
0.13084430
0.12734604
0.12394130
0.12062760
0.11740249
0.11426360
0.11120864
0.10823536
0.10534157
0.10252515
0.09978402
0.09711619
0.09451968
0.09199260
0.08953307
0.08713931
0.08480955
0.08254207
0.08033522
0.07818737
0.07609694
0.07406241
0.07208227
0.07015507
0.06827940
0.06645388
0.06467716
0.06294794
0.06126496
0.05962698
0.05803278
0.05648121
0.05497113
0.05350141
0.05207100
0.05067882
0.04932387
0.04800514
0.04672167
0.04547252
0.04425676
0.04307351
0.04192189
0.04080106
0.03971020
0.03864851
0.03761520
0.03660951
0.03563072
0.03467809
0.03375093
0.03284857
0.03197032
0.03111556
0.03028365
0.02947399
0.02868597
0.02791902
0.02717257
0.02644608
0.02573902
0.02505086
0.02438110
0.02372924
0.02309481
0.02247735
0.02187639
0.02129150
0.02072225
0.02016822
0.01962900
0.01910420
0.01859343
0.01809631
0.01761249
0.01714160
0.01668330
0.01623725
0.01580313
0.01538062
0.01496940
0.01456918
0.01417965
0.01380055
0.01343157
0.01307247
0.01272296
0.01238280
0.01205173
0.01172951
0.01141591
0.01111069
0.01081364
0.01052452
0.01024314
0.00996928
0.00970274
0.00944332
0.00919085
0.00894512
0.00870596
0.00847320
0.00824666
0.00802618
0.00781159
0.00760274
0.00739947
0.00720164
0.00700909
0.00682170
0.00663931
0.00646180
0.00628904
0.00612089
0.00595724
0.00579797
0.00564296
0.00549209
0.00534525
0.00520234
0.00506325
0.00492788
0.00479612
0.00466789
0.00454309
0.00442163
0.00430341
0.00418836
0.00407638
0.00396739
0.00386132
0.00375808
0.00365760
0.00355981
0.00346464
0.00337201
0.00328185
0.00319411
0.00310871
0.00302560
0.00294470
0.00286597
0.00278935
0.00271477
0.00264219
0.00257155
0.00250279
0.00243588
0.00237075
0.00230737
0.00224568
0.00218564
0.00212720
0.00207033
0.00201498
0.00196111
0.00190867
0.00185764
0.00180798
0.00175964
0.00171259
0.00166680
0.00162224
0.00157887
0.00153666
0.00149557
0.00145559
0.00141667
0.00137879
0.00134193
0.00130605
0.00127113
0.00123715
0.00120407
0.00117188
0.00114055
0.00111005
0.00108037
0.00105149
0.00102338
0.00099602
0.00096939
0.00094347
0.00091824
0.00089369
0.00086980
0.00084655
0.00082391
0.00080188
0.00078044
0.00075958
0.00073927
0.00071950
0.00070027
0.00068155
0.00066332
0.00064559
0.00062833
0.00061153
0.00059518
0.00057927
0.00056378
0.00054871
0.00053404
0.00051976
0.00050586
0.00049234
0.00047917
0.00046636
0.00045389
0.00044176
0.00042995
0.00041845
0.00040726
0.00039638
0.00038578
0.00037546
0.00036543
0.00035566
0.00034615
0.00033689
0.00032789
0.00031912
0.00031059
0.00030228
0.00029420
0.00028634
0.00027868
0.00027123
0.00026398
0.00025692
0.00025005
0.00024337
0.00023686
0.00023053
0.00022436
0.00021836
0.00021253
0.00020684
0.00020131
0.00019593
0.00019069
0.00018559
0.00018063
0.00017580
0.00017110
0.00016653
0.00016208
0.00015774
0.00015352
0.00014942
0.00014543
0.00014154
0.00013775
0.00013407
0.00013049
0.00012700
0.00012360
0.00012030
0.00011708
0.00011395
0.00011090
0.00010794
0.00010505
0.00010224
0.00009951
0.00009685
0.00009426
0.00009174
0.00008929
0.00008690
0.00008458
0.00008232
0.00008012
0.00007797
0.00007589
0.00007386
0.00007188
0.00006996
0.00006809
0.00006627
0.00006450
0.00006278
0.00006110
0.00005946
0.00005787
0.00005633
0.00005482
0.00005335
0.00005193
0.00005054
0.00004919
0.00004787
0.00004659
0.00004535
0.00004414
0.00004296
0.00004181
0.00004069
0.00003960
0.00003854
0.00003751
0.00003651
0.00003553
0.00003458
0.00003366
0.00003276
0.00003188
0.00003103
0.00003020
0.00002939
0.00002861
0.00002784
0.00002710
0.00002637
0.00002567
0.00002498
0.00002431
0.00002366
0.00002303
0.00002242
0.00002182
0.00002123
0.00002067
0.00002011
0.00001958
0.00001905
0.00001854
0.00001805
0.00001756
0.00001709
0.00001664
0.00001619
0.00001576
0.00001534
0.00001493
0.00001453
0.00001414
0.00001376
0.00001339
0.00001304
0.00001269
0.00001235
0.00001202
0.00001170
0.00001138
0.00001108
0.00001078
0.00001050
0.00001022
0.00000994
0.00000968
0.00000942
0.00000917
0.00000892
0.00000868
0.00000845
0.00000822
0.00000800
0.00000779
0.00000758
0.00000738
0.00000718
0.00000699
0.00000680
0.00000662
0.00000644
0.00000627
0.00000610
0.00000594
0.00000578
0.00000563
0.00000548
0.00000533
0.00000519
0.00000505
0.00000491
0.00000478
0.00000466
0.00000453
0.00000441
0.00000429
0.00000418
0.00000407
0.00000396
0.00000385
0.00000375
0.00000365
0.00000355
0.00000346
0.00000336
0.00000327
0.00000319
0.00000310
0.00000302
0.00000294
0.00000286
0.00000278
0.00000271
0.00000264
0.00000256
0.00000250
0.00000243
0.00000236
0.00000230
0.00000224
0.00000218
0.00000212
0.00000206
0.00000201
0.00000196
0.00000190
0.00000185
0.00000180
0.00000175
0.00000171
0.00000166
0.00000162
0.00000157
0.00000153
0.00000149
0.00000145
0.00000141
0.00000138
0.00000134
0.00000130
0.00000127
0.00000123
0.00000120
0.00000117
0.00000114
0.00000111
0.00000108
0.00000105
0.00000102
0.00000099
0.00000097
0.00000094
0.00000092
0.00000089
0.00000087
0.00000084
0.00000082
0.00000080
0.00000078
0.00000076
0.00000074
0.00000072
0.00000070
0.00000068
0.00000066
0.00000064
0.00000063
0.00000061
0.00000059
0.00000058
0.00000056
0.00000055
0.00000053
0.00000052
0.00000050
0.00000049
0.00000048
0.00000047
0.00000045
0.00000044
0.00000043
0.00000042
0.00000041
0.00000040
0.00000038
0.00000037
0.00000036
0.00000035
0.00000035
0.00000034
0.00000033
0.00000032
0.00000031
0.00000030
0.00000029
0.00000029
0.00000028
0.00000027
0.00000026
0.00000026
0.00000025
0.00000024
0.00000024
0.00000023
0.00000022
0.00000022
0.00000021
0.00000021
0.00000020
0.00000020
0.00000019
0.00000018
0.00000018
0.00000018
0.00000017
0.00000017
0.00000016
0.00000016
0.00000015
0.00000015
0.00000014
0.00000014
0.00000014
0.00000013
0.00000013
0.00000013
0.00000012
0.00000012
0.00000012
0.00000011
0.00000011
0.00000011
0.00000010
0.00000010
0.00000010
0.00000010
0.00000009
0.00000009
0.00000009
0.00000009
0.00000008
0.00000008
0.00000008
0.02267574
0.00000000
0.00001897
0.00007589
0.00017074
0.00030350
0.00047417
0.00068271
0.00092909
0.00121327
0.00153522
0.00189487
0.00229219
0.00272710
0.00319954
0.00370944
0.00425673
0.00484131
0.00546310
0.00612201
0.00681793
0.00755077
0.00832040
0.00912671
0.00996959
0.01084890
0.01176450
0.01271626
0.01370404
0.01472769
0.01578704
0.01688194
0.01801223
0.01917772
0.02037825
0.02161364
0.02288368
0.02418820
0.02552699
0.02689985
0.02830658
0.02974695
0.03122075
0.03272776
0.03426775
0.03584048
0.03744572
0.03908321
0.04075272
0.04245399
0.04418676
0.04595077
0.04774575
0.04957143
0.05142753
0.05331377
0.05522986
0.05717551
0.05915043
0.06115432
0.06318687
0.06524777
0.06733672
0.06945339
0.07159746
0.07376861
0.07596651
0.07819083
0.08044122
0.08271735
0.08501887
0.08734543
0.08969667
0.09207225
0.09447180
0.09689495
0.09934134
0.10181060
0.10430235
0.10681621
0.10935181
0.11190876
0.11448666
0.11708513
0.11970378
0.12234220
0.12500000
0.12767677
0.13037211
0.13308560
0.13581684
0.13856541
0.14133089
0.14411287
0.14691092
0.14972462
0.15255353
0.15539724
0.15825530
0.16112729
0.16401277
0.16691130
0.16982244
0.17274575
0.17568079
0.17862710
0.18158425
0.18455179
0.18752925
0.19051620
0.19351218
0.19651673
0.19952940
0.20254973
0.20557726
0.20861153
0.21165209
0.21469846
0.21775020
0.22080682
0.22386788
0.22693291
0.23000144
0.23307300
0.23614713
0.23922337
0.24230124
0.24538027
0.24846001