-0.50000000
-0.25000000
-0.16666667
-0.12500000
-0.10000000
-0.08333333
-0.07142857
-0.06250000
-0.05555556
-0.05000000
-0.04545455
-0.04166667
-0.03846154
-0.03571429
-0.03333333
-0.03125000
-0.02941176
-0.02777778
-0.02631579
-0.02500000
-0.02380952
-0.02272727
-0.02173913
-0.02083333
-0.02000000
-0.01923077
-0.01851852
-0.01785714
-0.01724138
-0.01666667
-0.01612903
-0.01562500
-0.01515152
-0.01470588
-0.01428571
-0.01388889
-0.01351351
-0.01315789
-0.01282051
-0.01250000
-0.01219512
-0.01190476
-0.01162791
-0.01136364
-0.01111111
-0.01086956
-0.01063830
-0.01041667
-0.01020408
-0.01000000
-0.00980392
-0.00961538
-0.00943396
-0.00925926
-0.00909091
-0.00892857
-0.00877193
-0.00862069
-0.00847458
-0.00833333
-0.00819672
-0.00806452
-0.00793651
-0.00781250
-0.00769231
-0.00757576
-0.00746269
-0.00735294
-0.00724638
-0.00714286
-0.00704225
-0.00694444
-0.00684932
-0.00675676
-0.00666667
-0.00657895
-0.00649351
-0.00641026
-0.00632911
-0.00625000
-0.00617284
-0.00609756
-0.00602410
-0.00595238
-0.00588235
-0.00581395
-0.00574713
-0.00568182
-0.00561798
-0.00555556
-0.00549451
-0.00543478
-0.00537634
-0.00531915
-0.00526316
-0.00520833
-0.00515464
-0.00510204
-0.00505051
-0.00500000
-0.00495049
-0.00490196
-0.00485437
-0.00480769
-0.00476190
-0.00471698
-0.00467290
-0.00462963
-0.00458716
-0.00454545
-0.00450450
-0.00446429
-0.00442478
-0.00438596
-0.00434783
-0.00431034
-0.00427350
-0.00423729
-0.00420168
-0.00416667
-0.00413223
-0.00409836
-0.00406504
-0.00403226
-0.00400000
-0.00396825
-0.00393701
-0.00390625
-0.00387597
-0.00384615
-0.00381679
-0.00378788
-0.00375940
-0.00373134
-0.00370370
-0.00367647
-0.00364963
-0.00362319
-0.00359712
-0.00357143
-0.00354610
-0.00352113
-0.00349650
-0.00347222
-0.00344828
-0.00342466
-0.00340136
-0.00337838
-0.00335570
-0.00333333
-0.00331126
-0.00328947
-0.00326797
-0.00324675
-0.00322581
-0.00320513
-0.00318471
-0.00316456
-0.00314465
-0.00312500
-0.00310559
-0.00308642
-0.00306748
-0.00304878
-0.00303030
-0.00301205
-0.00299401
-0.00297619
-0.00295858
-0.00294118
-0.00292398
-0.00290698
-0.00289017
-0.00287356
-0.00285714
-0.00284091
-0.00282486
-0.00280899
-0.00279330
-0.00277778
-0.00276243
-0.00274725
-0.00273224
-0.00271739
-0.00270270
-0.00268817
-0.00267380
-0.00265957
-0.00264550
-0.00263158
-0.00261780
-0.00260417
-0.00259067
-0.00257732
-0.00256410
-0.00255102
-0.00253807
-0.00252525
-0.00251256
-0.00250000
-0.00248756
-0.00247525
-0.00246305
-0.00245098
-0.00243902
-0.00242718
-0.00241546
-0.00240385
-0.00239234
-0.00238095
-0.00236967
-0.00235849
-0.00234742
-0.00233645
-0.00232558
-0.00231481
-0.00230415
-0.00229358
-0.00228310
-0.00227273
-0.00226244
-0.00225225
-0.00224215
-0.00223214
-0.00222222
-0.00221239
-0.00220264
-0.00219298
-0.00218341
-0.00217391
-0.00216450
-0.00215517
-0.00214592
-0.00213675
-0.00212766
-0.00211864
-0.00210970
-0.00210084
-0.00209205
-0.00208333
-0.00207469
-0.00206612
-0.00205761
-0.00204918
-0.00204082
-0.00203252
-0.00202429
-0.00201613
-0.00200803
-0.00200000
-0.00199203
-0.00198413
-0.00197628
-0.00196850
-0.00196078
-0.00195312
-0.00194552
-0.00193798
-0.00193050
-0.00192308
-0.00191571
-0.00190840
-0.00190114
-0.00189394
-0.00188679
-0.00187970
-0.00187266
-0.00186567
-0.00185874
-0.00185185
-0.00184502
-0.00183824
-0.00183150
-0.00182482
-0.00181818
-0.00181159
-0.00180505
-0.00179856
-0.00179211
-0.00178571
-0.00177936
-0.00177305
-0.00176678
-0.00176056
-0.00175439
-0.00174825
-0.00174216
-0.00173611
-0.00173010
-0.00172414
-0.00171821
-0.00171233
-0.00170648
-0.00170068
-0.00169491
-0.00168919
-0.00168350
-0.00167785
-0.00167224
-0.00166667
-0.00166113
-0.00165563
-0.00165016
-0.00164474
-0.00163934
-0.00163399
-0.00162866
-0.00162338
-0.00161812
-0.00161290
-0.00160772
-0.00160256
-0.00159744
-0.00159236
-0.00158730
-0.00158228
-0.00157729
-0.00157233
-0.00156740
-0.00156250
-0.00155763
-0.00155279
-0.00154799
-0.00154321
-0.00153846
-0.00153374
-0.00152905
-0.00152439
-0.00151976
-0.00151515
-0.00151057
-0.00150602
-0.00150150
-0.00149701
-0.00149254
-0.00148810
-0.00148368
-0.00147929
-0.00147493
-0.00147059
-0.00146628
-0.00146199
-0.00145773
-0.00145349
-0.00144928
-0.00144509
-0.00144092
-0.00143678
-0.00143266
-0.00142857
-0.00142450
-0.00142045
-0.00141643
-0.00141243
-0.00140845
-0.00140449
-0.00140056
-0.00139665
-0.00139276
-0.00138889
-0.00138504
-0.00138122
-0.00137741
-0.00137363
-0.00136986
-0.00136612
-0.00136240
-0.00135870
-0.00135501
-0.00135135
-0.00134771
-0.00134409
-0.00134048
-0.00133690
-0.00133333
-0.00132979
-0.00132626
-0.00132275
-0.00131926
-0.00131579
-0.00131234
-0.00130890
-0.00130548
-0.00130208
-0.00129870
-0.00129534
-0.00129199
-0.00128866
-0.00128535
-0.00128205
-0.00127877
-0.00127551
-0.00127226
-0.00126904
-0.00126582
-0.00126263
-0.00125945
-0.00125628
-0.00125313
-0.00125000
-0.00124688
-0.00124378
-0.00124069
-0.00123762
-0.00123457
-0.00123153
-0.00122850
-0.00122549
-0.00122249
-0.00121951
-0.00121654
-0.00121359
-0.00121065
-0.00120773
-0.00120482
-0.00120192
-0.00119904
-0.00119617
-0.00119332
-0.00119048
-0.00118765
-0.00118483
-0.00118203
-0.00117924
-0.00117647
-0.00117371
-0.00117096
-0.00116822
-0.00116550
-0.00116279
-0.00116009
-0.00115741
-0.00115473
-0.00115207
-0.00114943
-0.00114679
-0.00114416
-0.00114155
-0.00113895
-0.00113636
-0.00113379
-0.00113122
-0.00112867
-0.00112613
-0.00112360
-0.00112108
-0.00111857
-0.00111607
-0.00111359
-0.00111111
-0.00110865
-0.00110619
-0.00110375
-0.00110132
-0.00109890
-0.00109649
-0.00109409
-0.00109170
-0.00108932
-0.00108696
-0.00108460
-0.00108225
-0.00107991
-0.00107759
-0.00107527
-0.00107296
-0.00107066
-0.00106838
-0.00106610
-0.00106383
-0.00106157
-0.00105932
-0.00105708
-0.00105485
-0.00105263
-0.00105042
-0.00104822
-0.00104602
-0.00104384
-0.00104167
-0.00103950
-0.00103734
-0.00103520
-0.00103306
-0.00103093
-0.00102881
-0.00102669
-0.00102459
-0.00102249
-0.00102041
-0.00101833
-0.00101626
-0.00101420
-0.00101215
-0.00101010
-0.00100806
-0.00100604
-0.00100402
-0.00100200
-0.00100000
-0.00099800
-0.00099602
-0.00099404
-0.00099206
-0.00099010
-0.00098814
-0.00098619
-0.00098425
-0.00098232
-0.00098039
-0.00097847
-0.00097656
-0.00097466
-0.00097276
-0.00097087
-0.00096899
-0.00096712
-0.00096525
-0.00096339
-0.00096154
-0.00095969
-0.00095785
-0.00095602
-0.00095420
-0.00095238
-0.00095057
-0.00094877
-0.00094697
-0.00094518
-0.00094340
-0.00094162
-0.00093985
-0.00093809
-0.00093633
-0.00093458
-0.00093284
-0.00093110
-0.00092937
-0.00092764
-0.00092593
-0.00092421
-0.00092251
-0.00092081
-0.00091912
-0.00091743
-0.00091575
-0.00091408
-0.00091241
-0.00091075
-0.00090909
-0.00090744
-0.00090580
-0.00090416
-0.00090253
-0.00090090
-0.00089928
-0.00089767
-0.00089606
-0.00089445
-0.00089286
-0.00089127
-0.00088968
-0.00088810
-0.00088652
-0.00088496
-0.00088339
-0.00088183
-0.00088028
-0.00087873
-0.00087719
-0.00087566
-0.00087413
-0.00087260
-0.00087108
-0.00086957
-0.00086806
-0.00086655
-0.00086505
-0.00086356
-0.00086207
-0.00086058
-0.00085911
-0.00085763
-0.00085616
-0.00085470
-0.00085324
-0.00085179
-0.00085034
-0.00084890
-0.00084746
-0.00084602
-0.00084459
-0.00084317
-0.00084175
-0.00084034
-0.00083893
-0.00083752
-0.00083612
-0.00083472
-0.00083333
-0.00083195
-0.00083056
-0.00082919
-0.00082781
-0.00082645
-0.00082508
-0.00082372
-0.00082237
-0.00082102
-0.00081967
-0.00081833
-0.00081699
-0.00081566
-0.00081433
-0.00081301
-0.00081169
-0.00081037
-0.00080906
-0.00080775
-0.00080645
-0.00080515
-0.00080386
-0.00080257
-0.00080128
-0.00080000
-0.00079872
-0.00079745
-0.00079618
-0.00079491
-0.00079365
-0.00079239
-0.00079114
-0.00078989
-0.00078864
-0.00078740
-0.00078616
-0.00078493
-0.00078370
-0.00078247
-0.00078125
-0.00078003
-0.00077882
-0.00077760
-0.00077640
-0.00077519
-0.00077399
-0.00077280
-0.00077160
-0.00077042
-0.00076923
-0.00076805
-0.00076687
-0.00076570
-0.00076453
-0.00076336
-0.00076219
-0.00076103
-0.00075988
-0.00075873
-0.00075758
-0.00075643
-0.00075529
-0.00075415
-0.00075301
-0.00075188
-0.00075075
-0.00074962
-0.00074850
-0.00074738
-0.00074627
-0.00074516
-0.00074405
-0.00074294
-0.00074184
-0.00074074
-0.00073964
-0.00073855
-0.00073746
-0.00073638
-0.00073529
-0.00073421
-0.00073314
-0.00073206
-0.00073099
-0.00072993
-0.00072886
-0.00072780
-0.00072674
-0.00072569
-0.00072464
-0.00072359
-0.00072254
-0.00072150
-0.00072046
-0.00071942
-0.00071839
-0.00071736
-0.00071633
-0.00071531
-0.00071429
-0.00071327
-0.00071225
-0.00071124
-0.00071023
-0.00070922
-0.00070821
-0.00070721
-0.00070621
-0.00070522
-0.00070423
-0.00070323
-0.00070225
-0.00070126
-0.00070028
-0.00069930
-0.00069832
-0.00069735
-0.00069638
-0.00069541
-0.00069444
-0.00069348
-0.00069252
-0.00069156
-0.00069061
-0.00068966
-0.00068871
-0.00068776
-0.00068681
-0.00068587
-0.00068493
-0.00068399
-0.00068306
-0.00068213
-0.00068120
-0.00068027
-0.00067935
-0.00067843
-0.00067751
-0.00067659
-0.00067568
-0.00067476
-0.00067385
-0.00067295
-0.00067204
-0.00067114
-0.00067024
-0.00066934
-0.00066845
-0.00066756
-0.00066667
-0.00066578
-0.00066489
-0.00066401
-0.00066313
-0.00066225
-0.00066138
-0.00066050
-0.00065963
-0.00065876
-0.00065789
-0.00065703
-0.00065617
-0.00065531
-0.00065445
-0.00065359
-0.00065274
-0.00065189
-0.00065104
-0.00065019
-0.00064935
-0.00064851
-0.00064767
-0.00064683
-0.00064599
-0.00064516
-0.00064433
-0.00064350
-0.00064267
-0.00064185
-0.00064103
-0.00064020
-0.00063939
-0.00063857
-0.00063775
-0.00063694
-0.00063613
-0.00063532
-0.00063452
-0.00063371
-0.00063291
-0.00063211
-0.00063131
-0.00063052
-0.00062972
-0.00062893
-0.00062814
-0.00062735
-0.00062657
-0.00062578
-0.00062500
-0.00062422
-0.00062344
-0.00062266
-0.00062189
-0.00062112
-0.00062035
-0.00061958
-0.00061881
-0.00061805
-0.00061728
-0.00061652
-0.00061576
-0.00061501
-0.00061425
-0.00061350
-0.00061275
-0.00061199
-0.00061125
-0.00061050
-0.00060976
-0.00060901
-0.00060827
-0.00060753
-0.00060680
-0.00060606
-0.00060533
-0.00060459
-0.00060386
-0.00060314
-0.00060241
-0.00060168
-0.00060096
-0.00060024
-0.00059952
-0.00059880
-0.00059809
-0.00059737
-0.00059666
-0.00059595
-0.00059524
-0.00059453
-0.00059382
-0.00059312
-0.00059242
-0.00059172
-0.00059102
-0.00059032
-0.00058962
-0.00058893
-0.00058823
-0.00058754
-0.00058685
-0.00058617
-0.00058548
-0.00058480
-0.00058411
-0.00058343
-0.00058275
-0.00058207
-0.00058140
-0.00058072
-0.00058005
-0.00057937
-0.00057870
-0.00057803
-0.00057737
-0.00057670
-0.00057604
-0.00057537
-0.00057471
-0.00057405
-0.00057339
-0.00057274
-0.00057208
-0.00057143
-0.00057078
-0.00057013
-0.00056948
-0.00056883
-0.00056818
-0.00056754
-0.00056689
-0.00056625
-0.00056561
-0.00056497
-0.00056433
-0.00056370
-0.00056306
-0.00056243
-0.00056180
-0.00056117
-0.00056054
-0.00055991
-0.00055928
-0.00055866
-0.00055804
-0.00055741
-0.00055679
-0.00055617
-0.00055556
-0.00055494
-0.00055432
-0.00055371
-0.00055310
-0.00055249
-0.00055188
-0.00055127
-0.00055066
-0.00055005
-0.00054945
-0.00054885
-0.00054825
-0.00054764
-0.00054705
-0.00054645
-0.00054585
-0.00054526
-0.00054466
-0.00054407
-0.00054348
-0.00054289
-0.00054230
-0.00054171
-0.00054113
-0.00054054
-0.00053996
-0.00053937
-0.00053879
-0.00053821
-0.00053763
-0.00053706
-0.00053648
-0.00053591
-0.00053533
-0.00053476
-0.00053419
-0.00053362
-0.00053305
-0.00053248
-0.00053191
-0.00053135
-0.00053079
-0.00053022
-0.00052966
-0.00052910
-0.00052854
-0.00052798
-0.00052743
-0.00052687
-0.00052632
-0.00052576
-0.00052521
-0.00052466
-0.00052411
-0.00052356
-0.00052301
-0.00052247
-0.00052192
-0.00052138
-0.00052083
-0.00052029
-0.00051975
-0.00051921
-0.00051867
-0.00051813
-0.00051760
-0.00051706
-0.00051653
-0.00051600
-0.00051546
-0.00051493
-0.00051440
-0.00051387
-0.00051335
-0.00051282
-0.00051229
-0.00051177
-0.00051125
-0.00051073
-0.00051020
-0.00050968
-0.00050916
-0.00050865
-0.00050813
-0.00050761
-0.00050710
-0.00050659
-0.00050607
-0.00050556
-0.00050505
-0.00050454
-0.00050403
-0.00050352
-0.00050302
-0.00050251
-0.00050201
-0.00050150
-0.00050100
-0.00050050
-0.00050000
-0.00049950
-0.00049900
-0.00049850
-0.00049801
-0.00049751
-0.00049702
-0.00049652
-0.00049603
-0.00049554
-0.00049505
-0.00049456
-0.00049407
-0.00049358
-0.00049310
-0.00049261
-0.00049213
-0.00049164
-0.00049116
-0.00049068
-0.00049020
-0.00048972
-0.00048924
-0.00048876
-0.00048828